Maze - Walls - Paths - Visited - Solution
29 750 750 bfs 534 376
29 750 750 dfs 465 376
29 750 750 astar 450 376
15 750 750 bfs 1038 37
15 750 750 dfs 76 39
15 750 750 astar 37 37
14 750 750 bfs 1092 40
14 750 750 dfs 103 54
14 750 750 astar 40 40
28 750 750 bfs 163 10
28 750 750 dfs 854 438
28 750 750 astar 10 10
16 751 749 bfs 149 10
16 751 749 dfs 1204 628
16 751 749 astar 10 10
17 751 749 bfs 1100 30
17 751 749 dfs 342 158
17 751 749 astar 30 30
13 751 749 bfs 1309 39
13 751 749 dfs 1129 587
13 751 749 astar 39 39
12 751 749 bfs 1265 38
12 751 749 dfs 323 166
12 751 749 astar 38 38
10 750 750 bfs 779 32
10 750 750 dfs 620 312
10 750 750 astar 32 32
38 750 750 bfs 1112 27
38 750 750 dfs 107 49
38 750 750 astar 27 27
39 751 749 bfs 1292 40
39 751 749 dfs 107 40
39 751 749 astar 40 40
11 750 750 bfs 90 8
11 750 750 dfs 1219 624
11 750 750 astar 8 8
76 751 749 bfs 731 21
76 751 749 dfs 55 21
76 751 749 astar 21 21
62 750 750 bfs 1068 44
62 750 750 dfs 319 162
62 750 750 astar 44 44
89 750 750 bfs 354 19
89 750 750 dfs 411 211
89 750 750 astar 19 19
88 750 750 bfs 460 16
88 750 750 dfs 290 142
88 750 750 astar 16 16
63 750 750 bfs 871 30
63 750 750 dfs 987 512
63 750 750 astar 30 30
77 751 749 bfs 1266 51
77 751 749 dfs 937 471
77 751 749 astar 51 51
49 751 749 bfs 269 13
49 751 749 dfs 514 265
49 751 749 astar 13 13
61 751 749 bfs 146 10
61 751 749 dfs 146 62
61 751 749 astar 10 10
75 750 750 bfs 1135 30
75 750 750 dfs 1075 542
75 750 750 astar 30 30
74 750 750 bfs 283 13
74 750 750 dfs 547 263
74 750 750 astar 13 13
60 751 749 bfs 803 26
60 751 749 dfs 1458 764
60 751 749 astar 26 26
48 750 750 bfs 279 16
48 750 750 dfs 754 390
48 750 750 astar 16 16
64 750 750 bfs 693 34
64 750 750 dfs 433 224
64 750 750 astar 34 34
70 750 750 bfs 320 17
70 750 750 dfs 34 17
70 750 750 astar 17 17
58 750 750 bfs 810 28
58 750 750 dfs 233 120
58 750 750 astar 28 28
59 750 750 bfs 957 30
59 750 750 dfs 805 404
59 750 750 astar 30 30
71 751 749 bfs 1269 36
71 751 749 dfs 1263 632
71 751 749 astar 36 36
65 751 749 bfs 430 19
65 751 749 dfs 1479 739
65 751 749 astar 19 19
73 751 749 bfs 588 21
73 751 749 dfs 773 393
73 751 749 astar 21 21
67 750 750 bfs 418 23
67 750 750 dfs 630 329
67 750 750 astar 23 23
9 750 750 bfs 868 27
9 750 750 dfs 1363 679
9 750 750 astar 27 27
8 750 750 bfs 1455 42
8 750 750 dfs 174 82
8 750 750 astar 42 42
66 750 750 bfs 1234 36
66 750 750 dfs 242 118
66 750 750 astar 36 36
72 750 750 bfs 110 12
72 750 750 dfs 1241 626
72 750 750 astar 12 12
57 751 749 bfs 860 24
57 751 749 dfs 55 24
57 751 749 astar 24 24
5 750 750 bfs 691 30
5 750 750 dfs 1122 598
5 750 750 astar 30 30
43 751 749 bfs 102 8
43 751 749 dfs 147 70
43 751 749 astar 8 8
80 751 749 bfs 224 15
80 751 749 dfs 976 511
80 751 749 astar 15 15
81 750 750 bfs 923 32
81 750 750 dfs 726 364
81 750 750 astar 32 32
42 750 750 bfs 308 13
42 750 750 dfs 996 509
42 750 750 astar 13 13
56 751 749 bfs 926 37
56 751 749 dfs 886 463
56 751 749 astar 37 37
4 750 750 bfs 385 26
4 750 750 dfs 447 200
4 750 750 astar 26 26
68 750 750 bfs 861 24
68 750 750 dfs 1099 548
68 750 750 astar 24 24
40 751 749 bfs 464 19
40 751 749 dfs 501 235
40 751 749 astar 19 19
6 751 749 bfs 145 9
6 751 749 dfs 26 9
6 751 749 astar 9 9
54 751 749 bfs 1231 44
54 751 749 dfs 1263 618
54 751 749 astar 44 44
83 750 750 bfs 311 14
83 750 750 dfs 1187 610
83 750 750 astar 14 14
82 751 749 bfs 899 26
82 751 749 dfs 75 28
82 751 749 astar 26 26
7 750 750 bfs 499 20
7 750 750 dfs 549 270
7 750 750 astar 20 20
55 750 750 bfs 1066 35
55 750 750 dfs 1243 161
55 750 750 astar 35 35
41 751 749 bfs 140 10
41 751 749 dfs 996 514
41 751 749 astar 10 10
69 751 749 bfs 746 23
69 751 749 dfs 995 507
69 751 749 astar 23 23
45 750 750 bfs 1313 55
45 750 750 dfs 1390 737
45 750 750 astar 55 55
51 751 749 bfs 576 20
51 751 749 dfs 1197 622
51 751 749 astar 20 20
3 751 749 bfs 832 27
3 751 749 dfs 1289 663
3 751 749 astar 27 27
79 750 750 bfs 1308 32
79 750 750 dfs 126 58
79 750 750 astar 32 32
86 751 749 bfs 282 16
86 751 749 dfs 38 18
86 751 749 astar 16 16
87 750 750 bfs 532 20
87 750 750 dfs 53 26
87 750 750 astar 20 20
78 751 749 bfs 617 32
78 751 749 dfs 1146 592
78 751 749 astar 32 32
50 750 750 bfs 224 12
50 750 750 dfs 616 306
50 750 750 astar 12 12
2 750 750 bfs 843 23
2 750 750 dfs 1304 679
2 750 750 astar 23 23
44 750 750 bfs 1012 38
44 750 750 dfs 969 474
44 750 750 astar 38 38
52 750 750 bfs 1108 28
52 750 750 dfs 153 68
52 750 750 astar 28 28
46 750 750 bfs 1375 42
46 750 750 dfs 159 80
46 750 750 astar 42 42
85 750 750 bfs 1170 39
85 750 750 dfs 213 107
85 750 750 astar 39 39
84 751 749 bfs 240 12
84 751 749 dfs 35 12
84 751 749 astar 12 12
90 751 749 bfs 176 14
90 751 749 dfs 589 304
90 751 749 astar 14 14
47 750 750 bfs 1196 46
47 750 750 dfs 1401 702
47 750 750 astar 46 46
1 750 750 bfs 767 29
1 750 750 dfs 830 437
1 750 750 astar 29 29
53 750 750 bfs 1373 51
53 750 750 dfs 1419 715
53 750 750 astar 51 51
34 750 750 bfs 677 32
34 750 750 dfs 868 436
34 750 750 astar 32 32
20 751 749 bfs 698 33
20 751 749 dfs 662 339
20 751 749 astar 33 33
21 751 749 bfs 290 18
21 751 749 dfs 224 116
21 751 749 astar 18 18
35 750 750 bfs 291 13
35 750 750 dfs 247 117
35 750 750 astar 13 13
23 751 749 bfs 287 13
23 751 749 dfs 166 75
23 751 749 astar 13 13
37 750 750 bfs 1177 43
37 750 750 dfs 228 107
37 750 750 astar 43 43
36 750 750 bfs 82 7
36 750 750 dfs 511 257
36 750 750 astar 7 7
22 750 750 bfs 1494 41
22 750 750 dfs 98 41
22 750 750 astar 41 41
26 750 750 bfs 636 29
26 750 750 dfs 522 277
26 750 750 astar 29 29
32 751 749 bfs 1224 49
32 751 749 dfs 500 253
32 751 749 astar 49 49
33 751 749 bfs 1052 35
33 751 749 dfs 596 299
33 751 749 astar 35 35
27 751 749 bfs 1481 59
27 751 749 dfs 157 69
27 751 749 astar 59 59
31 750 750 bfs 1489 50
31 750 750 dfs 1433 754
31 750 750 astar 50 50
25 751 749 bfs 677 20
25 751 749 dfs 413 204
25 751 749 astar 20 20
19 750 750 bfs 1232 42
19 750 750 dfs 1407 708
19 750 750 astar 42 42
18 750 750 bfs 1164 53
18 750 750 dfs 410 211
18 750 750 astar 53 53
24 750 750 bfs 1483 54
24 750 750 dfs 1403 730
24 750 750 astar 54 54
30 750 750 bfs 230 13
30 750 750 dfs 1198 609
30 750 750 astar 13 13
