489 1011 966 B 95
433 1067 1046 B 79
445 1055 1017 B 83
456 1044 1020 B 81
428 1072 1030 B 81
429 1071 1050 B 81
455 1045 1006 B 89
453 1047 992 B 83
458 1042 1016 B 79
441 1059 1047 B 79
452 1048 997 B 85
454 1046 1020 B 81
431 1069 1027 B 81
446 1054 998 B 89
466 1034 973 B 81
445 1055 989 B 85
436 1064 1024 B 81
444 1056 935 B 83
443 1057 999 B 81
479 1021 934 B 87
447 1053 1038 B 83
455 1045 1000 B 83
473 1027 962 B 91
464 1036 981 B 85
426 1074 1052 B 79
414 1086 1061 B 79
460 1040 993 B 83
442 1058 1031 B 79
467 1033 896 B 89
453 1047 1017 B 79
446 1054 1032 B 81
457 1043 1008 B 83
448 1052 1003 B 83
459 1041 984 B 79
474 1026 988 B 79
413 1087 1072 B 79
454 1046 1003 B 81
436 1064 1049 B 89
416 1084 1053 B 79
452 1048 989 B 81
456 1044 885 B 85
479 1021 701 B 87
445 1055 1030 B 79
487 1013 777 B 97
439 1061 1039 B 79
491 1009 972 B 79
411 1089 1072 B 83
436 1064 1022 B 79
425 1075 1025 B 83
439 1061 920 B 79
427 1073 1046 B 79
433 1067 1022 B 81
425 1075 1055 B 79
478 1022 944 B 81
417 1083 1067 B 79
447 1053 1013 B 85
461 1039 982 B 83
430 1070 1035 B 91
445 1055 976 B 79
446 1054 944 B 81
463 1037 1014 B 81
473 1027 975 B 85
438 1062 1034 B 79
469 1031 990 B 91
461 1039 975 B 85
447 1053 1038 B 85
444 1056 1032 B 79
468 1032 991 B 79
434 1066 1052 B 81
442 1058 1016 B 79
423 1077 1054 B 81
463 1037 1002 B 87
472 1028 1002 B 79
461 1039 972 B 81
470 1030 810 B 81
458 1042 1007 B 81
436 1064 1023 B 83
463 1037 944 B 83
442 1058 1040 B 81
472 1028 964 B 81
419 1081 1065 B 79
443 1057 1026 B 83
480 1020 963 B 83
431 1069 1007 B 79
454 1046 798 B 81
462 1038 1000 B 87
466 1034 975 B 87
427 1073 1057 B 81
458 1042 937 B 79
464 1036 988 B 79
470 1030 997 B 83
426 1074 1034 B 79
431 1069 1046 B 79
444 1056 1014 B 81
486 1014 882 B 79
435 1065 1031 B 83
475 1025 995 B 81
453 1047 983 B 91
471 1029 999 B 83
458 1042 997 B 79
489 1011 410 D 191
433 1067 707 D 341
445 1055 295 D 153
456 1044 263 D 117
428 1072 356 D 173
429 1071 241 D 133
455 1045 892 D 179
453 1047 262 D 155
458 1042 360 D 117
441 1059 242 D 131
452 1048 242 D 141
454 1046 462 D 235
431 1069 249 D 129
446 1054 208 D 103
466 1034 391 D 169
445 1055 301 D 159
436 1064 271 D 135
444 1056 428 D 141
443 1057 378 D 163
479 1021 294 D 131
447 1053 267 D 153
455 1045 331 D 151
473 1027 367 D 171
464 1036 360 D 121
426 1074 202 D 103
414 1086 220 D 131
460 1040 297 D 111
442 1058 215 D 109
467 1033 295 D 161
453 1047 317 D 137
446 1054 1005 D 125
457 1043 306 D 131
448 1052 492 D 205
459 1041 315 D 169
474 1026 213 D 95
413 1087 217 D 123
454 1046 347 D 131
436 1064 346 D 115
416 1084 327 D 175
452 1048 492 D 197
456 1044 520 D 209
479 1021 586 D 147
445 1055 363 D 179
487 1013 273 D 139
439 1061 244 D 107
491 1009 395 D 161
411 1089 394 D 187
436 1064 287 D 151
425 1075 352 D 171
439 1061 272 D 123
427 1073 285 D 151
433 1067 330 D 155
425 1075 231 D 119
478 1022 422 D 161
417 1083 386 D 175
447 1053 241 D 109
461 1039 247 D 139
430 1070 288 D 135
445 1055 412 D 149
446 1054 335 D 123
463 1037 267 D 127
473 1027 227 D 115
438 1062 270 D 129
469 1031 277 D 151
461 1039 250 D 109
447 1053 318 D 155
444 1056 304 D 147
468 1032 413 D 103
434 1066 244 D 119
442 1058 210 D 115
423 1077 270 D 139
463 1037 228 D 115
472 1028 280 D 127
461 1039 616 D 267
470 1030 313 D 157
458 1042 302 D 143
436 1064 217 D 101
463 1037 501 D 129
442 1058 247 D 127
472 1028 320 D 173
419 1081 413 D 191
443 1057 376 D 187
480 1020 408 D 175
431 1069 182 D 107
454 1046 339 D 171
462 1038 298 D 137
466 1034 257 D 121
427 1073 261 D 127
458 1042 264 D 117
464 1036 466 D 165
470 1030 376 D 187
426 1074 381 D 205
431 1069 344 D 179
444 1056 979 D 177
486 1014 396 D 201
435 1065 360 D 187
475 1025 284 D 123
453 1047 368 D 149
471 1029 951 D 121
458 1042 311 D 139
489 1011 184 A 99
433 1067 180 A 91
445 1055 172 A 91
456 1044 168 A 83
428 1072 160 A 87
429 1071 183 A 83
455 1045 213 A 105
453 1047 154 A 83
458 1042 147 A 81
441 1059 153 A 83
452 1048 189 A 87
454 1046 173 A 91
431 1069 162 A 85
446 1054 182 A 93
466 1034 149 A 87
445 1055 174 A 89
436 1064 165 A 85
444 1056 210 A 99
443 1057 188 A 81
479 1021 201 A 93
447 1053 229 A 101
455 1045 182 A 93
473 1027 226 A 105
464 1036 167 A 85
426 1074 152 A 79
414 1086 174 A 93
460 1040 160 A 89
442 1058 159 A 83
467 1033 221 A 109
453 1047 185 A 95
446 1054 181 A 83
457 1043 162 A 85
448 1052 181 A 91
459 1041 148 A 81
474 1026 154 A 83
413 1087 189 A 93
454 1046 185 A 91
436 1064 212 A 101
416 1084 162 A 83
452 1048 191 A 91
456 1044 278 A 89
479 1021 183 A 101
445 1055 150 A 79
487 1013 211 A 101
439 1061 162 A 81
491 1009 157 A 79
411 1089 185 A 95
436 1064 208 A 107
425 1075 191 A 97
439 1061 205 A 99
427 1073 157 A 79
433 1067 154 A 83
425 1075 177 A 87
478 1022 192 A 91
417 1083 171 A 91
447 1053 193 A 85
461 1039 163 A 85
430 1070 196 A 97
445 1055 169 A 81
446 1054 164 A 85
463 1037 167 A 93
473 1027 150 A 85
438 1062 145 A 79
469 1031 190 A 97
461 1039 272 A 115
447 1053 163 A 89
444 1056 152 A 81
468 1032 160 A 83
434 1066 188 A 95
442 1058 162 A 87
423 1077 200 A 93
463 1037 232 A 99
472 1028 162 A 81
461 1039 296 A 87
470 1030 160 A 87
458 1042 161 A 85
436 1064 184 A 99
463 1037 162 A 83
442 1058 161 A 83
472 1028 170 A 89
419 1081 191 A 95
443 1057 197 A 97
480 1020 202 A 101
431 1069 146 A 79
454 1046 180 A 89
462 1038 227 A 95
466 1034 303 A 121
427 1073 190 A 91
458 1042 168 A 87
464 1036 160 A 79
470 1030 167 A 83
426 1074 160 A 79
431 1069 169 A 83
444 1056 256 A 93
486 1014 145 A 79
435 1065 194 A 91
475 1025 192 A 97
453 1047 284 A 99
471 1029 167 A 93
458 1042 150 A 79
